# offset=-2	offset=-3
0	0
0	0
0	0
0	0
0	0
0	0
0	0
0	0
0	0
0	0
0	0
0	0
0	0
0	0
0	0
0	0
0	0
0	0
0	0
0	0
0	0
0	0
0	0
0	0
0	0
0	0
0	0
0	0
0	0
0	0
0	0
0	0
0	0
0	0
0	0
0	0
0	0
0	0
0	0
23580	7388
0	0
53321	18940
0	0
4488	35011
0	0
62278	18030
0	0
29619	45940
0	0
22008	63582
0	0
15508	38067
0	0
0	0
33757	56585
121	31059
0	0
0	0
0	0
0	0
0	0
0	0
0	0
0	0
61833	35134
0	0
56141	19901
0	0
57752	39063
0	0
45959	34749
0	0
22483	54028
0	0
45425	28943
14209	33234
0	0
12140	27710
0	0
53501	64808
0	0
2791	59298
0	0
0	0
20286	15888
30023	18235
0	0
52831	24381
0	0
26536	43227
0	0
7857	45490
0	0
27854	52865
0	0
58757	34072
0	0
56407	22273
0	0
37679	12227
0	0
0	0
21924	42166
22299	6964
0	0
8280	22726
0	0
59996	23600
0	0
31765	5487
0	0
0	0
10723	58131
41067	27481
0	0
6448	12509
0	0
0	0
17876	54439
32135	34727
0	0
34948	33957
0	0
57149	15654
0	0
38294	38400
0	0
33280	207
0	0
58082	57893
0	0
0	0
59585	49648
23828	5330
0	0
3099	6997
0	0
0	0
20975	61245
62032	20717
0	0
0	0
12838	9821
0	0
44060	7267
0	0
27898	64106
20147	45930
0	0
39797	30078
0	0
0	0
31630	36392
0	0
58812	48163
55061	5579
0	0
54792	2101
0	0
0	0
45009	53511
0	0
2872	14352
43531	3026
0	0
0	0
5531	39752
0	0
28137	59686
40746	10877
0	0
39167	65340
0	0
59490	25332
0	0
45622	14035
0	0
10790	9938
0	0
53882	31349
0	0
995	58341
0	0
0	0
47271	42970
61794	25160
0	0
58863	61303
0	0
56421	25920
0	0
25055	57126
0	0
0	0
50392	55362
6372	58552
0	0
25068	60416
0	0
4731	31673
0	0
32863	24552
0	0
2136	22579
0	0
31287	14137
0	0
42931	45840
0	0
42915	41825
0	0
0	0
30348	35846
2324	5219
0	0
59718	18152
0	0
61477	9695
0	0
6609	53709
0	0
65480	51292
0	0
22155	35787
0	0
49246	24251
0	0
28142	61163
0	0
21715	54211
0	0
50328	39025
0	0
54064	12291
0	0
41836	27661
0	0
36813	52710
0	0
61903	53162
0	0
7544	30725
0	0
12166	34511
0	0
54273	449
0	0
35674	23040
0	0
22946	41702
0	0
25529	47377
0	0
0	0
24542	56982
0	0
32662	38566
11887	28562
0	0
61691	64364
0	0
17330	45806
0	0
31427	50042
0	0
38766	28191
0	0
5114	64003
0	0
0	0
4515	41845
52352	32870
0	0
41343	32644
0	0
60809	35173
0	0
0	0
13373	15669
565	13715
0	0
23361	16842
0	0
15170	16963
0	0
9930	51784
0	0
34592	8310
0	0
30490	6724
0	0
14598	1756
0	0
55873	16862
0	0
45977	39282
0	0
21906	37433
0	0
0	0
47371	2929
29226	10924
0	0
58372	1150
0	0
13551	61189
0	0
2026	60118
0	0
47171	17317
0	0
54691	41890
0	0
22757	58852
0	0
31300	17537
0	0
0	0
8986	6735
12287	65374
0	0
58682	15005
0	0
0	0
49333	46545
14178	25152
0	0
47682	17006
0	0
48247	30714
0	0
52784	12353
0	0
11441	45367
0	0
21780	5283
0	0
60102	50767
0	0
0	0
46829	60825
0	0
5132	3254
0	0
35723	35629
0	0
5745	29027
0	0
17927	1834
0	0
36363	3050
0	0
0	0
12719	44959
25258	43564
0	0
53828	17535
0	0
30874	39516
0	0
58333	56632
0	0
27291	39834
0	0
4796	48182
0	0
28905	59741
0	0
25332	62654
0	0
51117	44501
0	0
0	0
35728	36879
39459	9088
0	0
29179	64370
0	0
54807	5962
0	0
21301	13583
0	0
65165	36250
0	0
0	0
13334	5647
0	0
0	0
0	0
0	0
2481	45328
0	0
3015	51011
0	0
0	0
0	0
0	0
0	0
0	0
40944	61661
0	0
38791	34742
0	0
20147	45972
0	0
19120	45260
0	0
29449	2517
0	0
22225	53653
0	0
10788	9421
0	0
12615	18214
0	0
27577	47548
0	0
44802	608
0	0
19534	20043
0	0
64103	26604
0	0
22589	15681
0	0
31389	40295
0	0
60242	21238
0	0
47311	53089
0	0
56876	11350
0	0
32073	18860
0	0
0	0
36949	21795
38911	65285
0	0
58018	41506
0	0
43417	39422
0	0
49542	34336
0	0
44478	48877
0	0
0	0
57232	37007
0	0
19030	22115
52569	22937
0	0
35698	29393
0	0
22434	41609
0	0
53315	17185
0	0
57185	24989
0	0
0	0
27455	16250
44536	63669
0	0
43402	35472
0	0
59523	33655
0	0
58938	15043
0	0
49918	65216
0	0
2993	45545
0	0
60610	49731
0	0
43436	44125
0	0
41276	15473
0	0
42419	45837
0	0
50714	6699
0	0
34420	29877
0	0
23104	16606
0	0
0	0
23324	7260
49715	13240
0	0
22104	22601
0	0
39960	6174
0	0
22636	27663
0	0
59846	50840
0	0
31870	32356
0	0
39161	63913
0	0
33597	15654
0	0
59525	34231
0	0
61134	52974
0	0
46243	41804
0	0
0	0
5401	6488
49720	14513
0	0
33226	51864
0	0
37587	54118
0	0
1746	53825
0	0
10858	27253
0	0
0	0
49088	49368
49611	52166
0	0
55000	55321
0	0
12245	54608
0	0
24414	24253
0	0
47562	51837
0	0
37341	56749
0	0
22260	62553
0	0
35636	13428
0	0
58526	40588
0	0
48754	29401
0	0
0	0
11741	56637
28702	7900
0	0
15757	36218
0	0
28901	58754
0	0
11456	49224
0	0
27349	54777
0	0
26359	63237
0	0
0	0
9184	57550
13608	10421
0	0
0	0
43052	11469
45837	3561
0	0
62020	17562
0	0
65096	18647
0	0
28914	62117
0	0
30461	64944
0	0
51672	55321
0	0
27347	54028
0	0
51340	36017
0	0
22974	48772
0	0
42280	10259
0	0
4887	6073
0	0
47076	58460
0	0
19611	39755
0	0
1190	42728
0	0
30175	57211
0	0
48778	35465
0	0
40699	64364
0	0
38011	31655
0	0
56555	60385
0	0
43899	31716
0	0
6273	33235
0	0
60265	26937
0	0
24798	56955
0	0
32495	61234
0	0
42422	46678
0	0
43803	6999
0	0
62147	50105
0	0
52739	999
0	0
46828	60437
0	0
60353	49635
0	0
11933	40326
0	0
30252	11452
0	0
54948	42183
0	0
48007	34729
0	0
5065	51537
0	0
42531	9085
0	0
28817	37260
0	0
21114	31446
0	0
6062	44789
0	0
57740	35882
0	0
942	44687
0	0
32155	39716
0	0
32916	37910
0	0
55284	62517
0	0
37660	7300
0	0
1390	28311
0	0
27324	48259
0	0
5374	65217
0	0
749	60808
0	0
55723	43961
0	0
34343	10165
0	0
7172	1093
0	0
47526	42524
0	0
31731	62330
0	0
38925	3371
0	0
0	0
43620	25671
33254	59056
0	0
39523	25552
0	0
16801	41409
0	0
37342	56941
0	0
0	0
13771	52016
0	0
46068	62631
28399	61403
0	0
62563	25567
0	0
0	0
50311	34798
18205	7678
0	0
18409	59817
0	0
9789	15754
0	0
0	0
42450	53930
12250	55885
0	0
12583	10202
0	0
38026	35361
0	0
7846	42549
0	0
20686	52826
0	0
60603	47913
0	0
0	0
5885	64799
29984	8430
0	0
11137	33222
0	0
54238	56989
0	0
40096	41185
0	0
15738	31316
0	0
0	0
44108	19559
2438	34541
0	0
0	0
54216	51275
5478	26137
0	0
21500	64624
0	0
8392	51227
0	0
50965	5520
0	0
474	55984
0	0
47316	54447
0	0
33642	27289
0	0
7910	59097
0	0
58489	31047
0	0
2604	11277
0	0
19457	272
0	0
19667	54116
0	0
42081	24990
0	0
0	0
43312	12496
36775	43001
0	0
31116	35898
0	0
57916	15403
0	0
29718	5649
0	0
9457	61835
0	0
0	0
10189	52543
12543	65296
0	0
58384	4128
0	0
43225	55784
0	0
53502	65094
0	0
46601	2476
0	0
8538	23249
0	0
38259	29662
0	0
10890	35441
0	0
19550	24256
0	0
0	0
57441	24897
24657	20875
0	0
34319	3964
0	0
64295	10070
0	0
9276	15401
0	0
0	0
23813	1498
1435	39920
0	0
46113	8680
0	0
0	0
19463	2041
0	0
24359	10215
3791	53145
0	0
0	0
60481	16720
0	0
36193	24986
0	0
21760	206
0	0
61569	33064
0	0
65118	24105
0	0
28604	48377
0	0
38937	6417
0	0
29467	7131
0	0
48307	46061
0	0
18162	62127
0	0
0	0
40766	16037
0	0
38974	16091
41887	40859
0	0
23093	13780
0	0
39915	60360
0	0
4138	10822
0	0
41555	21440
0	0
21063	18318
0	0
3375	12131
0	0
51241	10612
0	0
0	0
6238	24081
11965	48478
0	0
23009	57713
0	0
9552	20619
0	0
11761	61713
0	0
0	0
13290	59928
40397	52489
0	0
50168	63519
0	0
9992	2198
0	0
8914	53908
0	0
14451	29596
0	0
60414	65277
0	0
24672	24710
0	0
28832	41190
0	0
0	0
57680	20680
0	0
2088	10304
3544	55481
0	0
17909	62813
0	0
5127	1919
0	0
18188	3320
0	0
11891	29569
0	0
6249	27009
0	0
55902	24305
0	0
0	0
45164	27797
55929	31212
0	0
26688	16520
0	0
9556	21546
0	0
7558	34333
0	0
0	0
20126	40676
0	0
58655	7950
51313	29132
0	0
16161	8559
0	0
7772	23656
0	0
11977	51580
0	0
46534	50760
0	0
51348	37912
0	0
10942	48831
0	0
54921	35309
0	0
62314	27245
0	0
45764	50224
0	0
2824	2110
0	0
55627	19255
0	0
41697	57815
0	0
3517	48423
0	0
55088	12436
0	0
61952	53
0	0
58055	51133
0	0
44772	58544
0	0
26218	27205
0	0
1105	20803
0	0
52973	60861
0	0
19071	32573
0	0
42031	12090
0	0
64667	39791
0	0
54454	46787
0	0
0	0
8253	15629
3106	8719
0	0
31488	46
0	0
36485	34194
0	0
11495	59298
0	0
18667	60278
0	0
5132	3083
0	0
60984	14465
0	0
16641	314
0	0
15908	9374
0	0
58853	58712
0	0
28126	56892
0	0
0	0
10697	51703
0	0
60320	41012
0	0
22994	53967
57691	23406
0	0
26991	28561
0	0
62892	44070
0	0
30674	53760
0	0
24400	20703
0	0
58861	60680
0	0
19042	25222
0	0
60843	43892
0	0
30748	7350
0	0
46332	64680
0	0
47427	17221
0	0
47992	30831
0	0
35159	22279
0	0
0	0
55856	12422
34962	37436
0	0
59423	8082
0	0
40584	34965
0	0
0	0
54545	4513
58355	62263
0	0
61273	22889
0	0
16030	40654
0	0
0	0
56510	48723
12615	18411
0	0
63961	55701
0	0
63485	64975
0	0
20208	61457
0	0
29793	24885
0	0
13461	38184
0	0
17453	11770
0	0
0	0
2224	45165
0	0
23216	45113
57156	17634
0	0
53423	44865
0	0
58811	48041
0	0
41388	44282
0	0
58339	58314
0	0
26461	23881
0	0
41066	27223
0	0
34442	35533
0	0
10926	44798
0	0
27560	43242
0	0
28732	15580
0	0
59997	23998
0	0
53937	45431
0	0
0	0
26482	29280
26494	32443
0	0
0	0
15086	61026
0	0
48924	7263
48224	24590
0	0
4511	40733
0	0
54921	35195
0	0
54490	55970
0	0
34057	2494
0	0
0	0
28129	57771
0	0
65211	48019
43874	25258
0	0
0	0
1118	24155
36377	6505
0	0
313	14673
0	0
31321	22988
0	0
0	0
12393	27065
24185	31104
0	0
0	0
45462	38477
9041	20808
0	0
45323	2822
0	0
63516	7361
0	0
60441	6436
0	0
35857	4413
0	0
0	0
54356	21711
31466	59906
0	0
60839	42886
0	0
57336	63529
0	0
64978	53807
0	0
42669	44341
0	0
46446	28321
0	0
56674	25307
0	0
19213	3436
0	0
8055	30663
0	0
40042	27241
0	0
19423	57236
0	0
10695	51110
0	0
45554	61979
0	0
39790	28324
0	0
0	0
7786	27144
523	2822
0	0
2138	23215
0	0
0	0
26382	3795
35807	57171
0	0
39578	39644
0	0
58047	49147
0	0
34271	57119
0	0
18953	2308
0	0
43188	46093
0	0
44733	48507
0	0
16075	52097
0	0
10485	62920
0	0
1367	22481
0	0
32375	30700
0	0
8010	18949
0	0
59566	44652
0	0
0	0
46458	31326
45197	36264
0	0
6151	1824
0	0
20040	18526
0	0
3852	3242
0	0
31880	34961
0	0
26657	8568
0	0
0	0
15308	52395
54490	56026
0	0
0	0
29332	38115
16735	24364
0	0
27010	33358
0	0
27139	1008
0	0
45100	11386
0	0
49815	38685
0	0
24866	8723
0	0
24419	25365
0	0
6842	47728
0	0
0	0
37676	11465
50491	15350
0	0
49007	28550
0	0
45592	6168
0	0
13523	54049
0	0
48653	3495
0	0
39493	17724
0	0
15365	1494
0	0
16018	37553
0	0
38598	50856
0	0
63256	6367
0	0
53709	52657
0	0
0	0
47969	24991
41225	2487
0	0
41660	48219
0	0
0	0
15663	12089
51647	48972
0	0
36999	34796
0	0
0	0
10297	14697
0	0
57126	9774
0	0
48447	16165
0	0
65380	25780
0	0
0	0
9495	6014
43091	21451
0	0
0	0
59315	45887
12560	4133
0	0
30813	23958
0	0
33675	35634
0	0
44179	37696
0	0
0	0
0	0
0	0
20940	52258
0	0
0	0
23981	44313
0	0
89	22929
0	0
32558	11934
0	0
0	0
0	0
0	0
0	0
0	0
0	0
35142	17963
0	0
0	0
48774	34467
25031	51133
0	0
31563	19246
0	0
23586	8954
0	0
0	0
59976	18638
0	0
35686	26263
0	0
29977	6442
61936	61514
0	0
32431	45055
0	0
32995	58118
0	0
4902	9789
0	0
42739	62440
0	0
58287	44913
0	0
62295	22353
0	0
14249	43272
0	0
49283	33655
0	0
52308	21548
0	0
17404	64743
0	0
0	0
26656	8392
27516	31865
0	0
49888	57386
0	0
33734	50823
0	0
28820	38070
0	0
46450	29427
0	0
2067	5118
0	0
85	21834
0	0
34535	59274
0	0
52408	47232
0	0
0	0
59785	35274
13990	42741
0	0
22312	10324
0	0
20669	48522
0	0
39244	19661
0	0
33058	8825
0	0
46788	50403
0	0
32023	6040
0	0
45245	48561
0	0
7552	32969
0	0
63257	6520
0	0
57832	59418
0	0
46275	50085
0	0
27309	44508
0	0
33817	6572
0	0
15275	43858
0	0
64569	14697
0	0
16008	35001
0	0
0	0
18982	9912
41546	19192
0	0
0	0
61426	61976
0	0
58350	61136
0	0
58907	7160
0	0
0	0
11644	31854
0	0
57496	38991
0	0
59333	50469
19502	11910
0	0
20858	31418
0	0
0	0
5234	29239
26138	6718
0	0
25835	60270
0	0
0	0
30445	60811
60900	58397
0	0
0	0
57316	58538
37118	65183
0	0
13083	7068
0	0
39453	7533
0	0
7729	12792
0	0
14999	38740
0	0
0	0
13552	61463
0	0
34020	58467
28157	64886
0	0
44083	13244
0	0
43356	23616
0	0
6158	3769
0	0
11904	32899
0	0
36044	52383
0	0
16092	56419
0	0
0	0
33174	38585
31031	14219
0	0
24453	34075
0	0
54937	39368
0	0
3182	28161
0	0
64897	33240
0	0
0	0
4896	8270
57895	10198
0	0
23163	31611
0	0
0	0
49754	23055
9592	30769
0	0
5850	56033
0	0
10796	11499
0	0
0	0
37583	53185
0	0
56401	20886
0	0
56804	58597
1700	42023
0	0
0	0
11854	20043
0	0
34126	20157
38297	39265
0	0
50399	57116
0	0
52839	26492
0	0
25675	19419
0	0
0	0
61786	23070
51911	51175
0	0
5239	30477
0	0
4507	39898
0	0
6602	51864
0	0
45254	50766
0	0
0	0
64317	15823
0	0
5063	51197
0	0
51177	59649
0	0
59306	43627
2965	38386
0	0
21190	50802
0	0
48191	16251
0	0
5969	20848
0	0
0	0
21121	33186
25486	36458
0	0
28534	30240
0	0
0	0
27988	21516
61339	39787
0	0
26672	12307
0	0
43808	8288
0	0
14540	52463
0	0
62121	43268
0	0
0	0
39091	45904
26610	61986
0	0
783	3982
0	0
33304	6226
0	0
17960	10337
0	0
39337	43374
0	0
15944	18653
0	0
27627	60284
0	0
27338	51946
0	0
7431	1966
0	0
34279	59156
0	0
50718	7832
0	0
37979	23400
0	0
11373	28096
0	0
48381	64843
0	0
0	0
36702	24105
0	0
32338	21225
41047	22277
0	0
6333	48554
0	0
58952	18574
0	0
32379	31529
0	0
33075	13180
0	0
42155	43793
0	0
0	0
20194	57958
0	0
42079	24551
34735	44805
0	0
11642	31273
0	0
12884	21616
0	0
36633	6457
0	0
23103	16324
0	0
14667	19444
0	0
840	18573
0	0
41489	4493
0	0
0	0
54833	12604
0	0
42279	9999
64558	11779
0	0
29611	44001
0	0
27746	25173
0	0
2904	22659
0	0
0	0
60630	54840
0	0
55376	20629
26302	48671
0	0
18763	19206
0	0
0	0
57887	8124
0	0
24309	62942
0	0
64188	48328
0	0
54208	49304
0	0
63903	40712
0	0
26158	12014
0	0
27094	54980
0	0
44658	29366
0	0
42550	13991
0	0
17338	47652
0	0
0	0
53938	45792
23647	24558
0	0
22603	19397
0	0
56030	56957
0	0
51913	51685
0	0
31435	52048
0	0
34103	14143
0	0
39463	10226
0	0
38565	42324
0	0
0	0
57538	49857
22700	44254
0	0
3761	45506
0	0
29090	41611
0	0
49283	33763
0	0
0	0
0	0
0	0
0	0
43229	56632
0	0
29915	56107
0	0
0	0
0	0
0	0
0	0
0	0
0	0
14070	63177
0	0
0	0
0	0
0	0
0	0
65521	61930
0	0
56177	28974
0	0
0	0
0	0
0	0
0	0
0	0
8400	53433
0	0
10428	48225
0	0
36408	14516
0	0
52726	62985
0	0
0	0
37201	20842
56196	34039
0	0
20362	35485
0	0
51932	56573
0	0
15704	22701
0	0
35542	54825
0	0
5219	25586
0	0
35970	33397
0	0
35246	44596
0	0
0	0
1994	51845
64957	48599
0	0
55054	3705
0	0
43638	30259
0	0
49985	16744
0	0
52029	15710
0	0
28535	30695
0	0
650	35393
0	0
16589	52560
0	0
46546	53830
0	0
25842	62161
0	0
22900	29777
0	0
57859	934
0	0
47757	36234
0	0
0	0
43266	737
0	0
18444	3216
0	0
59132	64748
0	0
57286	50794
0	0
27742	24238
0	0
52470	63142
0	0
21550	11819
0	0
0	0
50133	54637
51505	12565
0	0
11919	36826
0	0
8520	18508
0	0
7914	60117
0	0
54977	49526
0	0
0	0
49433	6510
4029	48570
0	0
19784	18657
0	0
0	0
28131	58227
12682	35512
0	0
59848	51227
0	0
4726	30389
0	0
24284	56387
0	0
8636	48275
0	0
54471	51154
0	0
26626	580
0	0
0	0
60435	4930
28340	46196
0	0
13673	27086
0	0
19293	23967
0	0
20548	17537
0	0
0	0
49708	11332
14161	20778
0	0
0	0
35777	49579
42688	49321
0	0
21567	16202
0	0
13536	57435
0	0
2158	28326
0	0
43080	18449
0	0
17968	12530
0	0
12729	47449
0	0
59432	10444
0	0
0	0
0	0
0	0
0	0
5816	47283
0	0
24213	38178
0	0
26434	16924
0	0
0	0
25190	26170
25031	51017
0	0
39815	34783
0	0
9008	12395
0	0
24227	41887
0	0
31121	37232
0	0
33727	49032
0	0
0	0
29031	26570
11539	4882
0	0
0	0
58758	34465
0	0
14516	46105
4677	17736
0	0
63763	4883
0	0
29589	38381
0	0
47584	57547
0	0
35685	25980
0	0
21453	52713
0	0
52431	53110
0	0
837	17839
0	0
0	0
52438	54798
3367	10051
0	0
34873	14753
0	0
45032	59482
0	0
62017	16856
0	0
64037	9708
0	0
24611	9144
0	0
9500	7411
0	0
47299	49982
0	0
54982	50869
0	0
62265	14840
0	0
0	0
55564	3320
63210	59955
0	0
57131	11117
0	0
0	0
32644	33976
38440	10477
0	0
53761	325
0	0
57859	844
0	0
59717	17848
0	0
19312	28813
0	0
0	0
28245	21981
0	0
49745	20967
0	0
6482	20995
24747	43952
0	0
46836	62696
0	0
30084	34004
0	0
5177	14666
0	0
0	0
34328	6229
25970	29339
0	0
5313	49484
0	0
0	0
51276	19589
62152	51314
0	0
28493	19909
0	0
8622	44596
0	0
0	0
58275	41864
10106	31294
0	0
26847	57115
0	0
60945	4372
0	0
47701	21882
0	0
56731	39796
0	0
19631	44991
0	0
41777	12765
0	0
26100	62603
0	0
0	0
40712	2239
56003	49936
0	0
0	0
52473	63910
27567	45016
0	0
56787	54132
0	0
33244	56441
0	0
64843	19438
0	0
33417	35181
0	0
54273	434
0	0
5840	53460
0	0
9358	36507
0	0
1511	59168
0	0
13500	48329
0	0
65488	53462
0	0
8574	32264
0	0
9633	41312
0	0
22351	20278
0	0
0	0
49635	58142
28150	63136
0	0
0	0
24924	23737
9019	15221
0	0
27975	18245
0	0
62511	12070
0	0
20768	8413
0	0
0	0
11435	43831
20347	31657
0	0
30105	39315
0	0
62614	38548
0	0
0	0
23998	48806
519	2032
0	0
60902	58975
0	0
0	0
26913	8686
9600	32937
0	0
58852	58411
0	0
48534	38504
0	0
12333	11743
0	0
56459	35802
0	0
42952	51248
0	0
50206	7815
0	0
0	0
7766	22179
0	0
20090	31487
19534	20196
0	0
0	0
17764	25707
27349	54679
0	0
53648	37052
0	0
58097	61881
0	0
28135	59391
0	0
19874	41485
0	0
31680	49211
0	0
0	0
14124	11305
44896	24738
0	0
28432	4146
0	0
57927	18413
0	0
29806	28213
0	0
20332	27855
0	0
2294	63029
0	0
51192	63674
0	0
1081	14738
0	0
0	0
7647	57251
12901	26072
0	0
39618	49712
0	0
43854	20029
0	0
62921	51502
0	0
0	0
12211	45862
0	0
48996	25652
64242	62044
0	0
19692	60525
0	0
11071	16227
0	0
38696	10485
0	0
43910	34527
0	0
0	0
64211	54225
46546	53941
0	0
53963	52083
0	0
0	0
16519	34765
8344	39056
0	0
9526	13900
0	0
498	62076
0	0
0	0
55536	61619
0	0
64320	16501
0	0
17973	13704
0	0
653	36336
61918	56850
0	0
36981	30059
0	0
62211	987
0	0
51941	58858
0	0
18373	50652
0	0
28442	6719
0	0
0	0
58889	2554
0	0
567	14134
16833	49458
0	0
18314	35540
0	0
42228	62668
0	0
45759	48954
0	0
17491	21423
0	0
0	0
16115	62282
9674	51951
0	0
18779	23319
0	0
25258	43614
0	0
34829	3489
0	0
9558	22127
0	0
33679	36653
0	0
21144	39167
0	0
0	0
21840	20679
4215	30684
0	0
63973	58845
0	0
30515	13124
0	0
33837	11738
0	0
51681	57737
0	0
30034	21202
0	0
0	0
24301	60747
19043	25427
0	0
13724	39952
0	0
21158	42724
0	0
18722	8852
0	0
23301	1334
0	0
51221	5384
0	0
44262	58950
0	0
0	0
52732	64529
51635	45990
0	0
3391	16173
0	0
18578	37596
0	0
4730	31428
0	0
53856	24586
0	0
41321	26993
0	0
38096	53501
0	0
13550	61107
0	0
58249	35107
0	0
0	0
63235	899
42078	24251
0	0
56314	64219
0	0
53552	12319
0	0
49407	65469
0	0
0	0
53106	29413
0	0
24004	50214
0	0
4053	54609
0	0
41987	995
0	0
51557	25872
0	0
0	0
2030	61041
42932	46218
0	0
0	0
9649	45532
21648	37046
0	0
0	0
59655	1896
6515	29517
0	0
279	5916
0	0
29740	11413
0	0
36010	43727
0	0
38984	18435
0	0
0	0
47697	20759
50958	3720
0	0
0	0
50134	54907
51552	24748
0	0
26597	58683
0	0
4780	44176
0	0
20927	48900
0	0
34702	36414
0	0
31802	14952
0	0
0	0
8728	6171
0	0
16307	45919
14227	37818
0	0
20914	45605
0	0
29991	10086
0	0
29134	52833
0	0
34129	20796
0	0
19200	2
0	0
38118	58923
0	0
10742	63047
0	0
23995	47920
0	0
41578	27199
0	0
33711	45042
0	0
58538	43556
0	0
17734	18098
0	0
0	0
43988	54464
61523	21345
0	0
0	0
62578	29212
19129	47511
0	0
3864	6174
0	0
50041	31227
0	0
63917	44434
0	0
23147	27579
0	0
0	0
32974	52910
0	0
30671	53063
0	0
53166	44603
45415	26569
0	0
16224	24578
0	0
63989	62799
0	0
54917	34109
0	0
45900	19601
0	0
0	0
21915	39903
65103	20420
0	0
10518	5783
0	0
54876	23611
0	0
36912	12437
0	0
131	33550
0	0
17639	59325
0	0
3424	24634
0	0
0	0
58314	51909
0	0
65026	584
7641	55746
0	0
18989	11700
0	0
33015	63281
0	0
37826	49914
0	0
3258	47700
0	0
10695	51020
0	0
7102	48743
0	0
0	0
3827	62371
59143	1877
0	0
21278	7798
0	0
50790	26267
0	0
64778	2708
0	0
55130	23273
0	0
0	0
19629	44418
0	0
37180	15381
30892	44119
0	0
2878	15889
0	0
18569	35114
0	0
53980	56476
0	0
37847	55128
0	0
0	0
46450	29316
54479	53127
0	0
0	0
24663	22433
467	54017
0	0
0	0
64253	64871
20385	41469
0	0
13922	25210
0	0
39554	33397
0	0
0	0
39045	34165
0	0
7792	28739
0	0
41455	61396
29687	63330
0	0
48676	9451
0	0
5818	47782
0	0
46799	53108
0	0
64610	25260
0	0
0	0
59123	62304
26762	35463
0	0
63324	23800
0	0
55913	27039
0	0
33431	38829
0	0
19702	63148
0	0
18998	13993
0	0
19336	35033
0	0
1132	27743
0	0
33003	60255
0	0
24399	20389
0	0
24433	29036
0	0
36328	59519
0	0
0	0
61398	54840
23844	9364
0	0
8321	33037
0	0
5505	33109
0	0
0	0
36339	62224
56848	4334
0	0
28902	59008
0	0
34484	46252
0	0
63280	12535
0	0
9760	8247
0	0
18122	51907
0	0
0	0
46226	37610
0	0
55551	65466
28216	14545
0	0
47431	18299
0	0
32258	620
0	0
51563	27520
0	0
11826	12875
0	0
3027	54113
0	0
33316	9409
0	0
9912	47341
0	0
0	0
49351	51160
2242	49821
0	0
27096	55378
0	0
0	0
28957	7660
39776	24763
0	0
28835	41885
0	0
38872	55423
0	0
29211	7027
0	0
55645	23952
0	0
0	0
7675	64331
22893	27939
0	0
37750	30460
0	0
42426	47829
0	0
44314	6661
0	0
10079	24348
0	0
14816	57531
0	0
0	0
46904	14465
0	0
62618	39517
19731	4998
0	0
47324	56327
0	0
19820	27775
0	0
0	0
26236	31944
61677	60810
0	0
41173	54633
0	0
35239	42805
0	0
37744	28881
0	0
21321	18869
0	0
20053	21801
0	0
44003	58225
0	0
0	0
18446	3738
0	0
26536	43045
15454	24255
0	0
34097	12719
0	0
20610	33483
0	0
3122	13019
0	0
60509	23927
0	0
0	0
13070	3685
16434	13008
0	0
51496	10300
0	0
14024	51338
0	0
205	52491
0	0
63027	13201
0	0
29037	27997
0	0
39972	9418
0	0
30503	10128
0	0
0	0
25710	28183
15948	19600
0	0
13335	6133
0	0
63458	58018
0	0
31013	9559
0	0
16974	20192
0	0
30536	18644
0	0
44487	51137
0	0
26774	38428
0	0
1901	28141
0	0
46439	26441
0	0
6676	5248
0	0
31751	1877
0	0
55300	1065
0	0
8014	19969
0	0
26292	46103
0	0
20154	47751
0	0
651	35788
0	0
63841	24993
0	0
50697	2410
0	0
15611	64335
0	0
31868	31869
0	0
44045	3493
0	0
47818	51847
0	0
35564	60535
0	0
0	0
65517	60803
48982	22104
0	0
40050	29359
0	0
9544	18582
0	0
56484	41998
0	0
3204	33986
0	0
31346	29313
0	0
0	0
959	48936
0	0
22202	47665
0	0
38405	1281
0	0
24055	63239
43933	40293
0	0
0	0
43667	37643
64667	39772
0	0
0	0
52625	37145
61249	16834
0	0
12107	19429
0	0
0	0
40773	17679
60763	23513
0	0
39195	6919
0	0
61385	51527
0	0
24895	16272
0	0
30082	33464
0	0
0	0
43030	5886
21258	2636
0	0
49047	38771
0	0
61956	1094
0	0
8288	24580
0	0
36806	50856
0	0
0	0
55024	61474
11920	37104
0	0
20296	18605
0	0
0	0
49762	25198
21282	8910
0	0
49799	34713
0	0
2491	47972
0	0
55172	33980
0	0
61412	58388
0	0
28665	63934
0	0
39940	1220
0	0
0	0
10211	58353
40098	41724
0	0
5236	29854
0	0
9417	51511
0	0
51072	32900
0	0
61603	41821
0	0
33640	26788
0	0
0	0
7448	6358
31802	14993
0	0
46617	6451
0	0
47064	55368
0	0
17353	51666
0	0
12302	3747
0	0
7655	59178
0	0
37903	3886
0	0
0	0
35433	27054
64177	45499
0	0
36182	22127
0	0
22862	20003
0	0
37757	32227
0	0
0	0
42828	19504
0	0
22855	18256
23847	10086
0	0
0	0
7288	30925
1538	531
0	0
19779	17308
0	0
62527	16212
0	0
60255	24539
0	0
0	0
17404	64546
0	0
22937	39201
55513	55676
0	0
42165	46418
0	0
56625	12556
0	0
18316	35973
0	0
59894	63134
0	0
21689	47398
0	0
63671	46976
0	0
42907	39851
0	0
0	0
4189	24031
0	0
47604	62500
52414	48685
0	0
46310	59011
0	0
0	0
56594	4812
0	0
53528	6350
10454	54981
0	0
50108	48154
0	0
51057	29148
0	0
0	0
19693	60707
0	0
53129	35280
45149	23836
0	0
60201	10678
0	0
0	0
31353	31006
64848	20671
0	0
0	0
43848	18566
0	0
6775	30465
0	0
49547	35782
11735	55061
0	0
23747	49989
0	0
7302	34503
0	0
0	0
55540	62496
0	0
3814	58980
0	0
10913	41228
0	0
52077	28143
38977	16781
0	0
28861	48451
0	0
58751	32753
0	0
65193	43426
0	0
58685	15735
0	0
61384	51397
0	0
0	0
12231	51188
0	0
18516	21624
45223	42827
0	0
37699	17327
0	0
43607	22404
0	0
22174	40585
0	0
36543	49069
0	0
41594	31307
0	0
40209	4596
0	0
10851	25527
0	0
0	0
27658	2729
678	42623
0	0
21360	28746
0	0
0	0
27553	41234
0	0
13210	39508
0	0
12361	18752
0	0
19127	46930
18489	14657
0	0
41864	34947
0	0
48672	8272
0	0
62469	1490
0	0
7176	2056
0	0
0	0
43413	38208
48376	63735
0	0
0	0
17996	19462
0	0
56291	58261
49459	13290
0	0
52839	26519
0	0
10	2643
0	0
24087	6129
0	0
13685	30124
0	0
30474	2685
0	0
21311	16275
0	0
42724	58503
0	0
0	0
32564	13334
0	0
22674	37380
0	0
22088	18576
0	0
22466	49851
0	0
25023	49028
0	0
0	0
43544	6194
9279	16255
0	0
0	0
43705	47446
46272	49184
0	0
16657	4523
0	0
29320	35027
0	0
15158	13884
0	0
63624	34894
0	0
29872	45123
0	0
16469	21900
0	0
43954	45714
0	0
17954	8866
0	0
10304	16574
0	0
38934	5786
0	0
9500	7410
0	0
55471	45055
0	0
48214	22086
0	0
54122	27227
0	0
35365	9541
0	0
2816	145
0	0
29387	52137
0	0
44819	5094
0	0
13065	2370
0	0
13898	19034
0	0
0	0
22320	12439
55468	44139
0	0
0	0
31033	14682
44536	63725
0	0
0	0
65309	7493
12051	4969
0	0
17497	23010
0	0
51379	46077
0	0
53656	39071
0	0
21767	1880
0	0
49178	6904
0	0
23777	57795
0	0
63370	35504
0	0
63195	56208
0	0
7503	20360
0	0
0	0
10391	38862
8718	3672
0	0
22941	40266
0	0
37058	49840
0	0
51918	52834
0	0
52107	35729
0	0
2092	11265
0	0
7924	62523
0	0
47432	18580
0	0
30101	38318
0	0
35072	49
0	0
42589	24013
0	0
19804	23723
0	0
45143	22521
0	0
26037	46444
0	0
0	0
46233	39282
48823	47053
0	0
15840	57375
0	0
0	0
6544	37012
13538	58039
0	0
55797	62960
0	0
26945	16795
0	0
7910	58991
0	0
14867	4982
0	0
31730	61954
0	0
64417	41376
0	0
61063	34811
0	0
2479	44941
0	0
12135	26585
0	0
59923	4950
0	0
53098	27379
0	0
64455	51144
0	0
0	0
1242	56025
2019	58325
0	0
22481	53522
0	0
51661	52581
0	0
25595	64345
0	0
28800	32930
0	0
46993	37193
0	0
56299	60364
0	0
38652	64679
0	0
26656	8445
0	0
40640	49232
0	0
26463	24571
0	0
0	0
53017	6494
38432	8367
0	0
6775	30573
0	0
0	0
5373	64962
36080	61496
0	0
38714	14954
0	0
0	0
45315	962
48073	51464
0	0
7730	12947
0	0
36831	57168
0	0
24699	31709
0	0
0	0
19215	3926
0	0
33881	22794
27748	25624
0	0
46861	3483
0	0
0	0
15473	28999
54126	28280
0	0
53892	33903
0	0
58252	36035
0	0
15743	32666
0	0
34729	43472
0	0
0	0
8716	3187
5116	64641
0	0
21896	35036
0	0
0	0
30316	27893
44075	11216
0	0
46478	36575
0	0
62869	38154
0	0
24914	21178
0	0
30211	820
0	0
55579	7048
0	0
24976	36908
0	0
45850	6765
0	0
32170	43613
0	0
64518	1628
0	0
2553	63970
0	0
64189	48611
0	0
33397	30158
0	0
56049	61884
0	0
15347	62394
0	0
58698	19039
0	0
27130	64134
0	0
0	0
45853	7472
3310	61053
0	0
0	0
19340	35873
43393	33242
0	0
48946	12924
0	0
0	0
11063	14237
0	0
4388	9440
0	0
5077	54746
0	0
5989	26033
17572	42221
0	0
0	0
58921	10664
48616	59607
0	0
58429	15857
0	0
37847	55275
0	0
0	0
62176	57481
0	0
40656	53372
48270	36516
0	0
46390	13948
0	0
46069	62742
0	0
48872	59488
0	0
27636	62655
0	0
0	0
64901	34079
11838	16105
0	0
50877	48466
0	0
8643	50022
0	0
8423	59170
0	0
27444	13399
0	0
9089	33038
0	0
12753	53608
0	0
0	0
4897	8655
0	0
55927	30560
55193	39418
0	0
46174	24109
0	0
57861	1526
0	0
17492	21635
0	0
2025	59698
0	0
0	0
22769	61724
64089	22865
0	0
0	0
42699	52028
34378	19198
0	0
13300	62579
0	0
7629	52654
0	0
0	0
3876	9258
49337	47609
0	0
0	0
60188	7316
15021	44432
0	0
64546	8874
0	0
39598	44752
0	0
4604	64564
0	0
2182	34454
0	0
61676	60581
0	0
3394	16963
0	0
26555	47902
0	0
0	0
63889	37196
0	0
36774	42601
49267	29552
0	0
0	0
62461	64869
49221	17916
0	0
33186	41667
0	0
59783	34655
0	0
19886	44612
0	0
35091	4870
0	0
23630	20123
0	0
59916	3239
0	0
17992	18436
0	0
0	0
23266	58052
183	46998
0	0
42402	41597
0	0
42293	13769
0	0
48049	45541
0	0
42913	41383
0	0
38468	17645
0	0
39017	27034
0	0
9538	17014
0	0
27080	51303
0	0
0	0
1225	51630
5081	55593
0	0
0	0
6818	41500
21568	16403
0	0
15263	40942
0	0
0	0
19325	32022
8959	65414
0	0
16293	42243
0	0
8220	7262
0	0
55443	37780
0	0
4679	18199
0	0
0	0
52760	6386
47835	56204
0	0
4537	47496
0	0
22191	45016
0	0
47621	1387
0	0
56029	56640
0	0
0	0
53054	15955
8435	62380
0	0
32741	58762
0	0
0	0
10011	7066
14339	772
0	0
14519	46951
0	0
60688	4251
0	0
20146	45712
0	0
0	0
56403	21439
25850	64250
0	0
58964	21642
0	0
17990	18049
0	0
64227	58265
0	0
51338	35399
0	0
63739	64469
0	0
7883	51969
0	0
0	0
64428	44099
60627	54179
0	0
41386	43660
0	0
63711	57196
0	0
58920	10330
0	0
0	0
61556	29865
32343	22342
0	0
0	0
38826	43602
43214	52774
0	0
20663	47033
0	0
33995	52143
0	0
43064	14524
0	0
30604	36071
0	0
6654	65082
0	0
31200	57389
0	0
34664	26656
0	0
54451	46037
0	0
27875	58243
0	0
472	55477
0	0
60790	30251
0	0
46883	9177
0	0
50683	64336
0	0
7551	32742
0	0
51684	58487
0	0
9784	14375
0	0
0	0
10724	58620
0	0
39777	24963
21019	7099
0	0
52034	16928
0	0
14407	18183
0	0
0	0
38869	54535
57589	62721
0	0
27812	42205
0	0
47042	49891
0	0
18465	8687
0	0
37538	41633
0	0
35997	40345
0	0
15418	15087
0	0
31653	42391
0	0
0	0
31314	21072
16455	18389
0	0
18064	37085
0	0
62514	12834
0	0
19389	48614
0	0
13773	52532
0	0
0	0
8820	29880
0	0
26593	57723
61272	22626
0	0
51715	820
0	0
58205	23834
0	0
61415	59144
0	0
13552	61473
0	0
12125	24044
0	0
40036	25687
0	0
28040	35043
0	0
62463	65439
0	0
0	0
63597	27922
0	0
61073	37312
38339	49950
0	0
36887	6117
0	0
0	0
13692	31864
62575	28588
0	0
61838	36415
0	0
0	0
7441	4439
62065	29020
0	0
0	0
61462	5765
22038	5703
0	0
57766	42528
0	0
0	0
17575	42987
30193	61876
0	0
0	0
7132	56531
0	0
29283	25478
5665	8595
0	0
21749	62968
0	0
0	0
34183	34719
23034	64078
0	0
0	0
21894	34501
0	0
20419	50093
62927	53110
0	0
20163	50167
0	0
64867	25549
0	0
56032	57465
0	0
17224	18573
0	0
58935	14184
0	0
41063	26578
0	0
0	0
32621	27923
34792	59430
0	0
16918	5650
0	0
54869	21775
0	0
55220	46139
0	0
45101	11673
0	0
6100	54320
0	0
19609	39399
0	0
30338	33329
0	0
6536	34950
0	0
63109	34203
0	0
18047	32637
0	0
30775	14264
0	0
14485	38178
0	0
13698	33510
0	0
57713	29073
0	0
23385	22921
0	0
37820	48155
0	0
25854	65181
0	0
53566	16094
0	0
31690	51756
0	0
39309	36250
0	0
0	0
49262	28211
0	0
59359	57150
0	0
62158	52871
0	0
3033	55706
17881	55642
0	0
23432	34864
0	0
39179	2955
0	0
44711	42884
0	0
42332	23752
0	0
0	0
60270	28324
43409	37222
0	0
0	0
48112	61539
0	0
609	24963
41312	24615
0	0
37094	59022
0	0
37937	12748
0	0
32769	369
0	0
0	0
58414	11957
27	7031
0	0
23281	61760
0	0
61776	20501
0	0
52276	13501
0	0
39470	11817
0	0
50570	35412
0	0
43880	26795
0	0
0	0
33124	25705
11665	37200
0	0
47476	29801
0	0
30856	35003
0	0
6294	38554
0	0
42995	62389
0	0
35211	35772
0	0
56905	18835
0	0
31819	19393
0	0
6578	45638
0	0
58989	28116
0	0
17827	41761
0	0
28245	21916
0	0
30318	28319
0	0
0	0
64310	13949
6106	55877
0	0
64281	6498
0	0
8038	26245
0	0
42205	56726
0	0
10474	60132
0	0
17194	10872
0	0
0	0
26957	19959
0	0
6269	32220
44704	41034
0	0
31875	33599
0	0
37697	16832
0	0
28664	63728
0	0
43076	17501
0	0
25835	60396
0	0
31560	18628
0	0
24232	43204
0	0
24325	1470
0	0
47106	605
0	0
63208	59456
0	0
46429	24010
0	0
5116	64574
0	0
22703	44927
0	0
65427	37846
0	0
6990	20221
0	0
0	0
6662	1630
0	0
37768	34905
6746	23118
0	0
33350	18058
0	0
46755	41818
0	0
17345	49609
0	0
3375	12216
0	0
39320	39017
0	0
11682	41480
0	0
23625	18792
0	0
18762	19097
0	0
58169	14820
0	0
18246	17934
0	0
17234	21226
0	0
46945	25073
0	0
56659	21454
0	0
549	9512
0	0
35065	63908
0	0
0	0
54391	30640
56998	42737
0	0
2469	42354
0	0
60786	29275
0	0
14440	26782
0	0
0	0
62021	17759
0	0
30623	40751
50023	26436
0	0
0	0
61715	5051
58455	22486
0	0
51351	38734
0	0
61818	31466
0	0
0	0
4496	36948
0	0
65398	30273
57478	34312
0	0
0	0
45656	22620
39579	39741
0	0
0	0
59966	16059
32043	11140
0	0
58993	28950
0	0
64232	59496
0	0
15463	26525
0	0
0	0
60613	50455
0	0
52544	16542
0	0
45585	4392
0	0
60999	18250
0	0
4629	5604
0	0
44662	30225
0	0
61827	33549
0	0
22483	54187
0	0
33166	36359
0	0
61008	20583
0	0
56430	28172
0	0
2788	58516
0	0
0	0
23117	19866
0	0
36896	8274
2997	46389
0	0
0	0
15080	59480
21439	49110
0	0
46439	26547
0	0
34929	28940
0	0
65432	39069
0	0
10860	27900
0	0
0	0
40575	32733
26575	53098
0	0
0	0
21582	20016
57879	5903
0	0
31474	62042
0	0
43565	11588
0	0
0	0
47576	55424
9485	3564
0	0
0	0
1270	63085
61009	20859
0	0
0	0
25469	32123
0	0
14219	35752
8340	37901
0	0
4594	62149
0	0
55790	60930
0	0
30700	60511
0	0
62569	26938
0	0
0	0
45576	2123
0	0
10317	19817
54064	12377
0	0
0	0
61168	61536
26010	39673
0	0
62906	47669
0	0
63898	39444
0	0
16822	46737
0	0
62342	34343
0	0
0	0
24648	18600
61201	4580
0	0
31593	27105
0	0
19900	48370
0	0
20564	21683
0	0
0	0
2929	29168
20252	7243
0	0
30097	37165
0	0
0	0
6216	18568
21599	24383
0	0
47147	11090
0	0
65453	44388
0	0
0	0
19106	41535
49991	18410
0	0
50789	26098
0	0
0	0
18574	36431
34069	5411
0	0
14718	32257
0	0
2704	36912
0	0
3752	43261
0	0
39153	61759
0	0
0	0
24233	43474
55359	16276
0	0
53023	8132
0	0
50739	13084
0	0
59713	16803
0	0
31168	49285
0	0
36291	50114
0	0
0	0
0	0
0	0
0	0
0	0
0	0
0	0
0	0
0	0
0	0
0	0
0	0
0	0
0	0
0	0
0	0
0	0
0	0
0	0
0	0
0	0
0	0
0	0
0	0
0	0
0	0
0	0
0	0
0	0
0	0
0	0
0	0
0	0
0	0
53195	52186
0	0
0	0
0	0
0	0
12528	61610
0	0
947	46078
0	0
32742	58893
0	0
52948	54428
0	0
9037	19769
0	0
28723	13177
0	0
3329	323
0	0
47695	20367
0	0
26102	63179
0	0
31287	14221
0	0
0	0
0	0
0	0
0	0
42240	38
0	0
0	0
0	0
0	0
0	0
35844	1184
0	0
0	0
0	0
0	0
0	0
37041	45391
0	0
0	0
5867	60356
45171	29584
0	0
0	0
10282	10902
0	0
37604	58587
32761	63854
0	0
44969	43426
0	0
36737	33267
0	0
45932	27888
0	0
0	0
6830	44785
55225	47499
0	0
13901	19946
0	0
40078	36364
0	0
6279	34626
0	0
25312	57581
0	0
0	0
17325	44327
14799	53068
0	0
0	0
28973	11774
61963	3034
0	0
0	0
7043	33764
43505	61752
0	0
40106	43562
0	0
20791	14121
0	0
21085	23870
0	0
0	0
12283	64497
31315	21315
0	0
60209	12572
0	0
0	0
48093	56775
25059	58280
0	0
24977	37149
0	0
35028	54514
0	0
1150	32362
0	0
60568	39039
0	0
52282	14955
0	0
55883	19229
0	0
0	0
61618	45660
0	0
39025	29109
316	15369
0	0
50713	6450
0	0
19880	43059
0	0
28343	47051
0	0
2147	25528
0	0
13938	29241
0	0
222	56843
0	0
0	0
36986	31401
0	0
27892	62474
1189	42295
0	0
56123	15281
0	0
46475	35787
0	0
24993	41444
0	0
28469	13729
0	0
43601	20804
0	0
51836	31765
0	0
33039	3992
0	0
40331	35827
0	0
5492	29900
0	0
22006	63200
0	0
58278	42664
0	0
47880	2258
0	0
11973	50445
0	0
28944	4350
0	0
24322	629
0	0
43534	3606
0	0
47687	18321
0	0
0	0
58519	38798
0	0
12065	8698
11575	14122
0	0
0	0
5761	33193
63783	10151
0	0
6116	58623
0	0
3521	49448
0	0
0	0
41230	3809
54835	13092
0	0
0	0
29099	43870
4457	27062
0	0
53777	4489
0	0
0	0
64495	61364
64046	11800
0	0
48050	45737
0	0
21267	5076
0	0
0	0
19089	37252
34014	56982
0	0
50299	31680
0	0
31261	7455
0	0
29086	40637
0	0
21248	242
0	0
62228	5129
0	0
37658	6656
0	0
0	0
9812	21571
54333	15810
0	0
24138	19087
0	0
0	0
13829	1432
63654	42626
0	0
5576	51312
0	0
42125	36321
0	0
63064	22761
0	0
49395	62209
0	0
60453	9498
0	0
5466	23200
0	0
4403	13219
0	0
0	0
18656	57389
7279	28601
0	0
31975	59318
0	0
24765	48547
0	0
56552	59584
0	0
20544	16420
0	0
0	0
56268	52289
47256	39038
0	0
52918	46757
0	0
34048	61
0	0
34192	36951
0	0
0	0
54917	34083
0	0
28416	133
11735	55083
0	0
0	0
32122	31259
30534	17920
0	0
18267	23482
0	0
20784	12358
0	0
0	0
11619	25565
43579	15206
0	0
0	0
36957	23993
59566	44677
0	0
6904	63607
0	0
53852	23762
0	0
10185	51524
0	0
41132	44159
0	0
9835	27636
0	0
15320	55352
0	0
23124	21680
0	0
39240	18525
0	0
15512	38961
0	0
61120	49276
0	0
23883	19415
0	0
39026	29209
0	0
0	0
26252	36090
0	0
45773	52502
12557	3440
0	0
11942	42645
0	0
28371	54218
0	0
45890	17109
0	0
49130	60042
0	0
28310	38585
0	0
43612	23666
0	0
26997	29983
0	0
64906	35359
0	0
17665	445
0	0
7559	34721
0	0
781	3473
0	0
528	4156
0	0
0	0
5425	12574
0	0
54324	13413
22043	6945
0	0
59272	34862
0	0
63511	6041
0	0
0	0
20372	38049
0	0
44830	7792
12243	54184
0	0
25069	60684
0	0
40692	62511
0	0
28137	59847
0	0
6256	28863
0	0
65013	62933
0	0
26744	30954
0	0
0	0
43757	60679
0	0
9095	34604
0	0
44512	57594
0	0
61409	57690
0	0
41923	50146
46089	2468
0	0
33381	26039
0	0
23692	35995
0	0
8986	6779
0	0
0	0
657	37228
0	0
17758	24123
0	0
14143	16279
0	0
23961	39333
26063	53220
0	0
6700	11426
0	0
25184	24677
0	0
38549	38329
0	0
40062	32270
0	0
21641	35105
0	0
34228	46275
0	0
39137	57614
0	0
10641	37255
0	0
24241	45510
0	0
20621	36244
0	0
13282	58012
0	0
0	0
33756	56464
0	0
33021	64790
17993	18730
0	0
21679	44837
0	0
10233	63753
0	0
52288	16627
0	0
22015	65341
0	0
47747	33726
0	0
458	51766
0	0
51768	14537
0	0
0	0
34337	8565
32548	9244
0	0
32747	60374
0	0
54428	40042
0	0
18144	57433
0	0
0	0
32692	46311
0	0
30333	32211
6135	63255
0	0
57680	20697
0	0
16713	18881
0	0
59710	15941
0	0
30235	7060
0	0
0	0
29238	14021
0	0
60532	29788
0	0
3182	28248
55209	43421
0	0
59040	41088
0	0
29869	44318
0	0
7805	32086
0	0
35036	56470
0	0
27794	37613
0	0
38826	43534
0	0
0	0
62168	55543
0	0
63791	12225
0	0
59137	442
29608	43027
0	0
49988	17548
0	0
5733	26043
0	0
10185	51664
0	0
40623	44834
0	0
43861	22004
0	0
50143	57201
0	0
9512	10470
0	0
33414	34470
0	0
5007	36741
0	0
43790	3709
0	0
48203	19387
0	0
21806	12007
0	0
0	0
63645	40302
53410	41712
0	0
20353	33060
0	0
18336	41134
0	0
38830	44699
0	0
46938	23057
0	0
26382	3769
0	0
52327	26465
0	0
0	0
43770	64154
0	0
63640	38928
31989	62896
0	0
12462	44625
0	0
1175	38856
0	0
35653	17829
0	0
0	0
24802	57969
25768	43141
0	0
30946	57961
0	0
8929	57855
0	0
18849	41406
0	0
57552	53425
0	0
47695	20230
0	0
27183	12112
0	0
0	0
52564	21617
0	0
62710	63168
33389	28039
0	0
0	0
29688	63681
0	0
28117	54624
41427	54231
0	0
314	15005
0	0
0	0
61583	36690
0	0
122	31329
0	0
27580	48364
0	0
14861	3555
52232	2125
0	0
58831	53093
0	0
9985	393
0	0
41428	54361
0	0
0	0
15486	32370
0	0
16675	9161
43262	65237
0	0
44605	15707
0	0
0	0
29827	33645
6206	15970
0	0
6820	42195
0	0
26908	7389
0	0
10544	12358
0	0
0	0
32806	9808
56079	3892
0	0
1743	53089
0	0
55821	3450
0	0
18958	3749
0	0
56015	53106
0	0
42072	22753
0	0
0	0
59768	30806
22906	31435
0	0
0	0
12051	4998
0	0
36860	64566
55133	24037
0	0
18723	8995
0	0
0	0
16433	12641
0	0
38253	27915
0	0
23008	57588
60839	42837
0	0
32141	36200
0	0
59526	34356
0	0
41310	24074
0	0
16669	7510
0	0
0	0
56592	4322
59336	51421
0	0
0	0
4329	59687
54636	27841
0	0
45791	57169
0	0
6638	61066
0	0
46947	25588
0	0
58616	63638
0	0
54916	33950
0	0
40573	32074
0	0
61791	24413
0	0
41475	985
0	0
0	0
10716	56460
0	0
10828	19527
0	0
15221	30184
36774	42704
0	0
20733	64932
0	0
25976	30786
0	0
11122	29202
0	0
0	0
60433	4543
58232	30721
0	0
43049	10671
0	0
48003	33693
0	0
15804	48264
0	0
0	0
52445	56630
0	0
28003	25589
2239	49126
0	0
0	0
59753	27031
0	0
39237	17747
17138	62053
0	0
9940	54438
0	0
0	0
9154	49763
4060	56415
0	0
0	0
43147	35704
27593	51668
0	0
50681	63859
0	0
51532	19616
0	0
48733	23877
0	0
26355	62294
0	0
644	33924
0	0
20318	24146
0	0
22786	658
0	0
10425	47499
0	0
9391	44916
0	0
30422	54810
0	0
7616	49243
0	0
63527	10181
0	0
30465	338
0	0
4496	36885
0	0
51191	63474
0	0
0	0
46838	63143
31418	47717
0	0
0	0
32921	39295
111	28560
0	0
25697	25082
0	0
7391	57112
0	0
0	0
2701	36106
12908	27741
0	0
0	0
55609	14840
0	0
22286	3708
23552	146
0	0
44893	23951
0	0
23994	47850
0	0
60318	40512
0	0
64609	24898
0	0
0	0
50634	51807
22331	15329
0	0
0	0
29757	15715
50972	7373
0	0
60997	17844
0	0
56052	62549
0	0
54366	24311
0	0
0	0
45432	30827
0	0
1882	23145
64148	38027
0	0
29289	27092
0	0
0	0
25319	59284
54709	46505
0	0
54715	48024
0	0
21299	13089
0	0
0	0
19901	48405
27469	19732
0	0
51975	1937
0	0
41904	45144
0	0
34140	23683
0	0
30148	50333
0	0
0	0
44568	6196
46331	64481
0	0
0	0
8926	56911
48173	11736
0	0
8382	48785
0	0
10722	57955
0	0
33340	15405
0	0
0	0
62332	31854
0	0
7662	61134
0	0
0	0
31785	10616
52041	18725
0	0
10242	742
0	0
15241	35191
0	0
12093	15641
0	0
27728	20626
0	0
34107	15226
0	0
43327	16210
0	0
10458	55917
0	0
41066	27147
0	0
62733	3356
0	0
59887	61219
0	0
36629	5414
0	0
37179	15347
0	0
6500	25631
0	0
35830	63017
0	0
11690	43546
0	0
48827	48060
0	0
58349	60852
0	0
55868	15489
0	0
36007	42784
0	0
55688	34851
0	0
20419	50058
0	0
0	0
1879	22325
26536	43199
0	0
10984	59573
0	0
59975	18306
0	0
48829	48506
0	0
8621	44457
0	0
24648	18456
0	0
59368	59553
0	0
28304	36984
0	0
0	0
41149	48425
13734	42664
0	0
0	0
34100	13379
3780	50293
0	0
38472	18573
0	0
53143	38717
0	0
0	0
4601	63997
0	0
38755	25466
0	0
17681	4575
42220	60493
0	0
29976	6214
0	0
0	0
15692	19586
14956	27839
0	0
25361	4357
0	0
0	0
1790	65211
24255	49047
0	0
0	0
46722	33454
0	0
53307	15111
0	0
230	58974
0	0
43603	21464
22349	19914
0	0
44176	37032
0	0
36932	17561
0	0
23906	25265
0	0
26886	1727
0	0
0	0
23867	15228
279	6070
0	0
24660	21561
0	0
35262	48686
0	0
52788	13471
0	0
53546	10911
0	0
0	0
16578	49761
11058	13015
0	0
28808	34979
0	0
19405	52543
0	0
15323	56133
0	0
12228	50321
0	0
40429	60700
0	0
15826	53958
0	0
0	0
11919	36834
25998	36473
0	0
0	0
5450	19060
0	0
36448	24770
0	0
25622	5851
0	0
13422	28377
0	0
0	0
13542	58988
0	0
50601	43359
60831	40774
0	0
0	0
45184	33016
2454	38635
0	0
62283	19324
0	0
39643	56172
0	0
11123	29489
0	0
0	0
44214	46835
278	5650
0	0
7367	50957
0	0
24903	18297
0	0
26277	42249
0	0
36133	9695
0	0
50171	64335
0	0
0	0
33507	58202
0	0
14938	23138
0	0
55832	6195
0	0
50458	6734
0	0
27529	35138
0	0
22776	63614
0	0
50994	13033
33390	28373
0	0
11921	37277
0	0
0	0
2188	36043
14350	3747
0	0
0	0
35839	65426
0	0
62241	8450
46267	47947
0	0
26597	58675
0	0
43790	3656
0	0
52233	2449
0	0
0	0
61500	15528
0	0
30035	21478
4252	40120
0	0
15122	4717
0	0
40185	63984
0	0
58306	49897
0	0
0	0
16124	64761
0	0
0	0
47887	3934
56415	24474
0	0
23641	22881
0	0
24106	10789
0	0
60574	40472
0	0
38792	34877
0	0
32517	1470
0	0
51159	55125
0	0
3478	38614
0	0
0	0
39030	30437
0	0
52937	51621
32743	59201
0	0
43915	35686
0	0
15160	14558
0	0
56823	63466
0	0
23812	1275
0	0
0	0
9941	54635
0	0
9371	39757
42694	50845
0	0
3413	21912
0	0
28332	44109
0	0
32299	11238
0	0
59156	5238
0	0
59249	29073
0	0
0	0
22377	26918
8355	41852
0	0
0	0
27416	6167
34299	64453
0	0
51502	11818
0	0
32378	31253
0	0
43787	3033
0	0
30116	42224
0	0
47245	36140
0	0
0	0
44418	33386
48693	13771
0	0
11816	10452
0	0
54075	15150
0	0
49583	45024
0	0
41416	51419
0	0
21612	27836
0	0
20620	35917
0	0
54368	24635
0	0
53747	62361
0	0
12586	10770
0	0
13069	3537
0	0
15405	11549
0	0
0	0
42832	20599
0	0
27918	3708
0	0
62155	52173
59361	57786
0	0
27022	36358
0	0
49330	45582
0	0
17279	32584
0	0
60315	39834
0	0
0	0
21874	29231
0	0
61965	3437
0	0
16394	2752
0	0
9642	43603
61046	30436
0	0
47449	22793
0	0
29607	42766
0	0
52248	6302
0	0
0	0
13937	29102
0	0
35023	53050
3050	60088
0	0
43766	63108
0	0
59838	48743
0	0
64180	46112
0	0
20953	55794
0	0
56820	62617
0	0
16450	17067
0	0
14225	37178
0	0
30431	57243
0	0
15431	18322
0	0
21458	53902
0	0
6421	5619
0	0
61713	4537
0	0
22627	25388
0	0
64920	39134
0	0
54073	14773
0	0
12286	65157
0	0
46221	36233
0	0
0	0
46763	43842
21538	8907
0	0
0	0
4879	3852
0	0
35713	33185
0	0
31635	37692
0	0
11067	15267
0	0
18059	35792
0	0
45856	8384
33763	58269
0	0
58755	33598
0	0
51325	32213
0	0
0	0
22902	30443
0	0
64283	7085
0	0
40005	17902
22784	203
0	0
39504	20613
0	0
0	0
3576	63574
17090	49682
0	0
65505	57609
0	0
0	0
41564	23623
40457	2528
0	0
49634	58086
0	0
0	0
51878	42720
6168	6379
0	0
58407	10233
0	0
0	0
6779	31682
0	0
8671	57244
0	0
56490	43629
17334	46670
0	0
0	0
17288	34839
42893	36311
0	0
36128	8326
0	0
27974	18130
0	0
51127	46972
0	0
18065	37196
0	0
0	0
22843	15125
53425	45538
0	0
24024	55504
0	0
0	0
52859	31568
36588	60429
0	0
44181	38218
0	0
10462	56888
0	0
46380	11460
0	0
63391	40766
0	0
25517	44368
0	0
0	0
9596	31961
0	0
54904	30814
15888	4200
0	0
64899	33650
0	0
13466	39644
0	0
0	0
53635	33667
51580	31818
0	0
32328	18610
0	0
0	0
47793	45320
31421	48495
0	0
51916	52294
0	0
64765	64831
0	0
41290	19151
0	0
23441	37213
0	0
0	0
5137	4566
25821	56740
0	0
13016	55327
0	0
33845	13820
0	0
34900	21628
0	0
22005	62829
0	0
48791	38771
0	0
64951	47040
0	0
8927	57329
0	0
60802	33501
0	0
19077	34111
0	0
44564	5232
0	0
39995	15104
0	0
49646	60965
0	0
28168	2221
0	0
0	0
26757	34173
0	0
4680	18612
34086	9776
0	0
53877	29958
0	0
17181	7472
0	0
5461	21995
0	0
50538	27148
0	0
36255	40795
0	0
0	0
2629	17851
0	0
63603	29596
51987	5042
0	0
2893	19951
0	0
17477	17764
0	0
49395	62275
0	0
0	0
63242	2609
52833	25049
0	0
39197	7622
0	0
0	0
61774	20095
48652	3224
0	0
10368	32882
0	0
19893	46525
0	0
23149	28128
0	0
189	48597
0	0
51339	35681
0	0
0	0
56005	50581
11228	56486
0	0
32686	44790
0	0
34787	58247
0	0
34668	27801
0	0
0	0
65173	38252
48820	46251
0	0
0	0
43327	16295
0	0
15182	20030
1571	9078
0	0
44869	17870
0	0
6859	51990
0	0
52834	25331
0	0
52997	1388
0	0
57674	19054
0	0
33027	915
0	0
0	0
60775	26507
0	0
20612	33904
34532	58622
0	0
32195	50170
0	0
2796	60661
0	0
56577	481
0	0
0	0
12136	26843
47268	42108
0	0
5138	4794
0	0
29447	2004
0	0
30414	52741
0	0
8832	33015
0	0
21948	48329
0	0
3157	21922
0	0
0	0
50057	35140
0	0
46597	1297
51740	7222
0	0
11114	27383
0	0
0	0
30131	45901
43405	36228
0	0
8860	40155
0	0
5840	53453
0	0
0	0
55614	16050
29119	49024
0	0
0	0
28372	54503
0	0
48993	25029
45667	25524
0	0
0	0
11285	5439
54183	42864
0	0
58814	48865
0	0
54290	4660
0	0
23249	53734
0	0
0	0
8314	31249
10738	62125
0	0
37180	15476
0	0
10898	37395
0	0
0	0
35114	10889
734	56880
0	0
0	0
47878	1701
32813	11752
0	0
13182	32340
0	0
16616	59449
0	0
32417	41448
0	0
48934	9759
0	0
37849	55590
0	0
62181	58654
0	0
24683	27519
0	0
0	0
34245	50435
0	0
10717	56753
50554	31338
0	0
0	0
5655	6091
48016	37000
0	0
51966	65164
0	0
0	0
64432	45135
0	0
32033	8573
0	0
49030	34416
64142	36576
0	0
45629	15625
0	0
8411	56190
0	0
33669	34052
0	0
50906	55988
0	0
0	0
33138	29379
26889	2440
0	0
0	0
20265	10541
9651	46014
0	0
0	0
61705	2373
10371	33641
0	0
16299	43847
0	0
2446	36441
0	0
0	0
36325	58637
26237	32217
0	0
0	0
32882	29301
0	0
27019	35799
36901	9600
0	0
55894	22185
0	0
20690	53864
0	0
361	26936
0	0
0	0
62553	22859
20863	32594
0	0
54622	24095
0	0
63952	53304
0	0
15918	11971
0	0
17323	43807
0	0
47801	47587
0	0
9353	35261
0	0
13349	9678
0	0
0	0
32769	479
0	0
50163	62273
63879	34629
0	0
33192	43087
0	0
11015	2017
0	0
36620	3229
0	0
47709	23924
0	0
20774	9734
0	0
63337	26926
0	0
0	0
44276	62598
0	0
55253	54655
59938	8874
0	0
39534	28372
0	0
27232	24661
0	0
0	0
3135	16381
59851	52046
0	0
51848	34851
0	0
1859	17327
0	0
0	0
19212	3282
5370	64208
0	0
2579	4890
0	0
53109	30191
0	0
0	0
13625	14716
22703	44834
0	0
20640	41047
0	0
0	0
45037	60868
25891	9180
0	0
0	0
60701	7538
29031	26609
0	0
57523	45879
0	0
32870	26192
0	0
41963	60341
0	0
0	0
65454	44795
0	0
64875	27590
11939	41870
0	0
56940	27894
0	0
1929	35192
0	0
42294	14070
0	0
0	0
43503	61198
0	0
17074	45708
0	0
51397	50504
0	0
47089	61949
26954	19172
0	0
22728	51306
0	0
16784	37096
0	0
0	0
8878	44691
0	0
52796	15612
65207	46851
0	0
0	0
22111	24446
28202	10928
0	0
22468	50254
0	0
64995	58168
0	0
21608	26731
0	0
41761	8560
0	0
28487	18345
0	0
55687	34701
0	0
6721	16859
0	0
0	0
46226	37405
0	0
40200	2070
35518	48831
0	0
5324	52245
0	0
43792	4127
0	0
0	0
9812	21600
62767	12272
0	0
2907	23308
0	0
37244	31934
0	0
22203	47944
0	0
4294	50928
0	0
33012	62483
0	0
0	0
9904	45192
56022	54826
0	0
0	0
30508	11501
39390	56938
0	0
8899	50025
0	0
2559	65415
0	0
6123	60173
0	0
45660	23772
0	0
0	0
22481	53611
56272	53252
0	0
10781	7656
0	0
47955	21398
0	0
22099	21357
0	0
20517	9529
0	0
49407	65323
0	0
0	0
33885	24051
0	0
55431	34771
0	0
34370	16967
13406	24155
0	0
0	0
37442	17117
64154	39591
0	0
12988	48269
0	0
23439	36708
0	0
0	0
30109	40295
64648	34828
0	0
1114	23226
0	0
21536	8422
0	0
4928	16574
0	0
46043	56140
0	0
26524	40049
0	0
65483	52180
0	0
26530	41479
0	0
0	0
46554	55942
0	0
6306	41674
52098	33464
0	0
37470	24254
0	0
38203	15197
0	0
16380	64668
0	0
0	0
260	1103
0	0
53675	43883
35819	60235
0	0
19680	57564
0	0
26916	9399
0	0
24831	65347
0	0
41898	43556
0	0
5331	54094
0	0
58727	26614
0	0
0	0
4795	48018
0	0
3685	25883
0	0
5798	42559
6613	54709
0	0
56319	65376
0	0
23518	57047
0	0
12521	59875
0	0
6290	37394
0	0
0	0
20396	44283
27083	52069
0	0
0	0
12183	38821
0	0
356	25720
29869	44488
0	0
60806	34471
0	0
53321	18873
0	0
63049	18861
0	0
0	0
30156	52288
30224	4130
0	0
18190	3644
0	0
55834	6757
0	0
37240	30822
0	0
23108	17465
0	0
53441	49459
0	0
32821	13645
0	0
61659	56095
0	0
69	17731
0	0
0	0
7921	61751
0	0
11108	25725
4772	42059
0	0
0	0
38406	1572
5230	28306
0	0
7615	48925
0	0
33687	38886
0	0
13997	44390
0	0
9615	36703
0	0
36076	60493
0	0
36343	63232
0	0
19622	42563
0	0
57886	7796
0	0
0	0
41848	30820
0	0
52148	46292
6699	11179
0	0
60700	7330
0	0
6711	14296
0	0
8838	34351
0	0
50325	38384
0	0
0	0
59844	50327
61816	30945
0	0
0	0
58305	49623
0	0
59970	16999
0	0
59161	6598
27928	6395
0	0
30066	29351
0	0
26652	7198
0	0
45567	65462
0	0
29277	23830
0	0
0	0
11570	12902
19863	38656
0	0
0	0
36212	29817
0	0
24265	51513
0	0
26607	61355
0	0
41033	18817
0	0
51857	37276
0	0
6268	31789
22611	21315
0	0
0	0
48788	38122
0	0
46898	12838
0	0
26691	17152
7268	25759
0	0
48901	1424
0	0
53783	6040
0	0
0	0
16543	40837
37945	14814
0	0
57135	12212
0	0
40139	52089
0	0
7726	11858
0	0
34387	21400
0	0
18898	53940
0	0
0	0
1323	11226
36973	27922
0	0
0	0
25459	29692
15393	8644
0	0
44674	33534
0	0
55972	42225
0	0
65158	34313
0	0
36805	50640
0	0
59237	25955
0	0
58193	20986
0	0
27922	4788
0	0
64029	7676
0	0
28192	8327
0	0
10712	55500
0	0
29955	1014
0	0
0	0
11177	43508
0	0
47472	28869
0	0
28437	5379
0	0
15711	24510
32965	50631
0	0
12028	64650
0	0
36681	18822
0	0
12568	6198
0	0
38254	28372
0	0
0	0
50479	12283
34560	76
0	0
8606	40616
0	0
40782	20073
0	0
8342	38521
0	0
56442	31370
0	0
29108	46100
0	0
0	0
45989	42438
47740	31793
0	0
26240	32804
0	0
12517	58832
0	0
31771	7048
0	0
26650	6830
0	0
27086	52972
0	0
0	0
47931	15219
0	0
27177	10620
0	0
50882	49762
0	0
24173	28040
51891	46002
0	0
39581	40333
0	0
56058	64071
0	0
19562	27371
0	0
45986	41620
0	0
16733	23987
0	0
39025	28936
0	0
47824	53446
0	0
0	0
14689	25080
52840	26764
0	0
47153	12782
0	0
51539	21388
0	0
62998	5715
0	0
4134	9880
0	0
0	0
50046	32459
2310	1545
0	0
58809	47375
0	0
8710	1718
0	0
60557	36184
0	0
19144	51247
0	0
29193	2398
0	0
0	0
21853	24037
25674	19165
0	0
9802	19180
0	0
30083	33550
0	0
12853	13768
0	0
24011	52198
0	0
34286	61098
0	0
0	0
36945	20884
24828	64691
0	0
0	0
24213	38259
33811	4949
0	0
52805	17882
0	0
52881	37159
0	0
0	0
17630	56903
0	0
19632	45138
0	0
0	0
16882	62060
9294	19998
0	0
0	0
62143	48977
30059	27394
0	0
65348	17479
0	0
22568	10365
0	0
0	0
6516	29870
0	0
4535	46964
0	0
30747	7106
0	0
62251	11119
0	0
7308	35912
2999	47030
0	0
61266	21217
0	0
40025	22915
0	0
0	0
27970	16900
57928	18450
0	0
8577	33149
0	0
8932	58513
0	0
0	0
38698	10893
56563	62284
0	0
29568	32949
0	0
60914	62047
0	0
0	0
25430	22033
15446	22249
0	0
5475	25481
0	0
22759	59278
0	0
40460	3225
0	0
23039	65382
0	0
65021	64830
0	0
38915	876
0	0
0	0
64037	9534
0	0
51609	39325
0	0
33339	15319
43441	45535
0	0
47549	48544
0	0
65226	51770
0	0
6213	17840
0	0
18968	6152
0	0
6674	4731
0	0
7297	33169
0	0
10653	40418
0	0
22223	53028
0	0
33293	3515
0	0
41008	12341
0	0
51833	31145
0	0
52	13540
0	0
0	0
64037	9503
54961	45409
0	0
45821	64955
0	0
0	0
45407	24510
52278	13958
0	0
45623	14273
0	0
12858	14991
0	0
0	0
38725	17740
21927	42883
0	0
0	0
49566	40514
12620	19651
0	0
0	0
59863	55063
40969	2386
0	0
8597	38364
0	0
38750	24263
0	0
9820	23606
0	0
33292	3305
0	0
0	0
64895	32733
0	0
36252	39967
0	0
43080	18588
0	0
23065	6652
13068	3212
0	0
47665	12728
0	0
21915	39813
0	0
52572	23790
0	0
27427	9154
0	0
2379	19222
0	0
0	0
8503	14165
54621	23856
0	0
4396	11303
0	0
51819	27617
0	0
46389	13681
0	0
37089	57725
0	0
21078	22198
0	0
0	0
60158	65029
12223	49034
0	0
27933	7456
0	0
45975	38704
0	0
39046	34541
0	0
8193	511
0	0
5808	45117
0	0
34114	17119
0	0
0	0
59761	28949
5114	64201
0	0
36271	44872
0	0
35270	50940
0	0
36218	31325
0	0
61412	58395
0	0
0	0
15591	59354
0	0
49999	20445
0	0
20215	63399
0	0
49234	21119
62114	41529
0	0
24622	12009
0	0
31853	28108
0	0
56303	61422
0	0
61355	43956
0	0
0	0
0	0
34876	15513
65103	20317
0	0
57738	35489
0	0
6960	12322
0	0
53212	56407
0	0
59783	34667
0	0
17672	2132
0	0
0	0
8072	35064
0	0
14179	25571
45069	3343
0	0
16701	15705
0	0
655	36775
0	0
54018	626
0	0
31413	46520
0	0
0	0
33809	4564
0	0
669	40386
25806	52898
0	0
58806	46655
0	0
35985	37149
0	0
38237	24008
0	0
63005	7618
0	0
0	0
54355	21489
0	0
53457	53640
58122	2714
0	0
24710	34463
0	0
62145	49596
0	0
3939	25377
0	0
37750	30289
0	0
27416	6302
0	0
34074	6663
0	0
1926	34548
0	0
36733	32075
0	0
0	0
2870	13883
17763	25599
0	0
481	57833
0	0
51362	41582
0	0
27193	14840
0	0
2307	1008
0	0
17469	15669
0	0
54364	23606
0	0
0	0
21317	17827
18564	33982
0	0
18683	64389
0	0
48393	2341
0	0
44514	57946
0	0
44817	4432
0	0
29143	55228
0	0
0	0
62810	23140
57353	2501
0	0
35024	53416
0	0
5033	43284
0	0
48506	31368
0	0
16903	1931
0	0
11766	63126
0	0
21779	4954
0	0
36001	41218
0	0
24821	62788
0	0
57269	46512
0	0
55122	21105
0	0
0	0
33926	34379
42160	45222
0	0
36874	2612
0	0
36948	21660
0	0
27572	46149
0	0
44687	36831
0	0
42723	58201
0	0
18308	33969
0	0
54112	24725
0	0
8777	18904
0	0
51537	20901
0	0
34547	62364
0	0
0	0
17003	27441
27438	11996
0	0
44306	4698
0	0
26603	60195
0	0
0	0
27227	23461
62711	63442
0	0
31578	23133
0	0
49729	16848
0	0
37514	35502
0	0
60385	57736
0	0
926	40687
0	0
63727	61313
0	0
0	0
38339	49991
8341	38207
0	0
9003	11182
0	0
13447	34676
0	0
34272	57547
0	0
29848	39078
0	0
46617	6448
0	0
48387	826
0	0
3524	50334
0	0
45191	34676
0	0
2062	3725
0	0
0	0
36289	49659
45428	29920
0	0
24738	41648
0	0
54905	31007
0	0
30764	11343
0	0
38463	16233
0	0
44730	47847
0	0
61317	34284
0	0
36377	6566
0	0
0	0
714	51893
0	0
27678	7740
16204	19706
0	0
0	0
20065	24994
8416	57501
0	0
61387	52047
0	0
0	0
20186	56053
0	0
45164	27730
16535	38819
0	0
0	0
28618	51851
20733	64831
0	0
57302	54889
0	0
0	0
24440	30759
0	0
62590	32409
0	0
9139	45900
0	0
31186	53800
32163	41883
0	0
0	0
50250	19076
1139	29558
0	0
40854	38637
0	0
7576	38944
0	0
0	0
62356	37904
0	0
20386	41654
9467	64408
0	0
35582	65051
0	0
54814	7767
0	0
22365	23850
0	0
49313	41308
0	0
0	0
9630	40614
0	0
48118	63151
9313	25040
0	0
25069	60745
0	0
5709	19832
0	0
4548	50239
0	0
49403	64491
0	0
0	0
1155	33638
0	0
40688	61581
0	0
50122	51726
17856	49215
0	0
20738	606
0	0
53251	891
0	0
16984	22571
0	0
0	0
19061	30044
58241	33267
0	0
0	0
1767	59285
16112	61656
0	0
36418	16962
0	0
51326	32391
0	0
36982	30449
0	0
45711	36721
0	0
0	0
64598	22221
0	0
62658	49716
3991	38747
0	0
0	0
32834	17089
21697	49662
0	0
35042	57918
0	0
61804	27682
0	0
11866	23181
0	0
0	0
18318	36543
60215	14100
0	0
0	0
17757	23825
0	0
19407	53117
0	0
59892	62563
0	0
44522	60139
949	46491
0	0
34781	56822
0	0
38054	42605
0	0
55028	62533
0	0
43934	40548
0	0
0	0
21122	33391
48820	46161
0	0
1949	40205
0	0
62640	45296
0	0
50118	50772
0	0
6623	57184
0	0
16861	56646
0	0
59183	12134
0	0
10012	7189
0	0
62840	30879
0	0
9515	11103
0	0
26721	24918
0	0
27526	34424
0	0
55531	60232
0	0
0	0
9197	60727
0	0
46344	2110
0	0
48466	21077
0	0
61812	29817
5237	30127
0	0
53695	48983
0	0
59947	11127
0	0
4410	15080
0	0
0	0
2083	9062
0	0
32526	3783
0	0
33273	63752
14096	4137
0	0
0	0
49424	4268
30927	52999
0	0
0	0
56094	7862
46511	45049
0	0
43598	20210
0	0
0	0
16959	16331
0	0
20004	9409
50783	24551
0	0
48830	48776
0	0
20658	45672
0	0
0	0
43394	33423
43978	51719
0	0
59769	31001
0	0
30141	48393
0	0
56536	55352
0	0
44535	63367
0	0
52741	1384
0	0
36276	46290
0	0
0	0
54599	18359
34879	16297
0	0
0	0
30514	13054
0	0
46169	22788
11239	59357
0	0
43574	14020
0	0
0	0
53742	60965
21550	11988
0	0
0	0
40405	54676
176	45174
0	0
14079	65531
0	0
0	0
17623	55107
58429	15797
0	0
41933	52690
0	0
34295	63250
0	0
0	0
31598	28343
0	0
35915	19394
0	0
55794	61962
0	0
36980	29925
0	0
17425	4364
12187	39876
0	0
47221	30181
0	0
33031	1864
0	0
0	0
58247	34779
0	0
36540	48383
0	0
0	0
11261	64956
0	0
12275	62226
44746	51842
0	0
425	43439
0	0
44923	31552
0	0
2205	40264
0	0
32524	3255
0	0
0	0
0	0
13554	62156
56500	46098
0	0
0	0
2684	31752
63470	61147
0	0
25355	2871
0	0
7099	47920
0	0
58578	53899
0	0
16824	47192
0	0
48987	23299
0	0
0	0
2779	56209
49249	25023
0	0
63343	28421
0	0
28943	3985
0	0
59744	24719
0	0
25490	37472
0	0
12158	32468
0	0
24625	12594
0	0
0	0
41602	33319
20016	12418
0	0
10651	39826
0	0
8736	8363
0	0
0	0
62417	53715
0	0
29974	5714
0	0
0	0
0	0
42210	57931
24039	59277
0	0
42719	57302
0	0
1087	16146
0	0
14995	37701
0	0
41231	4039
0	0
33236	54434
0	0
0	0
54647	30631
0	0
18944	149
0	0
10812	15440
44626	21001
0	0
8522	19188
0	0
0	0
57556	54335
53806	11910
0	0
57351	1947
0	0
0	0
65114	23045
31661	44455
0	0
0	0
35984	37073
53928	43212
0	0
24131	17406
0	0
5834	51744
0	0
3104	8397
0	0
50290	29211
0	0
0	0
10081	25023
0	0
38003	29544
13779	54257
0	0
58802	45697
0	0
5423	12138
0	0
6709	13620
0	0
63081	27066
0	0
2250	51766
0	0
21716	54461
0	0
0	0
23940	33956
0	0
19359	40705
47043	50151
0	0
55049	2463
0	0
0	0
35129	14658
0	0
39153	61765
0	0
0	0
0	0
0	0
11560	10267
0	0
0	0
0	0
0	0
0	0
0	0
0	0
0	0
0	0
0	0
0	0
0	0
0	0
0	0
0	0
0	0
0	0
0	0
0	0
0	0
0	0
0	0
0	0
0	0
0	0
0	0
0	0
0	0
0	0
0	0
0	0
0	0
0	0
0	0
0	0
0	0
0	0
0	0
0	0
0	0
0	0
0	0
0	0
0	0
0	0
0	0